sin(1083.7) = 0.064532308
sin(-1083.7) = -0.064532308
cos(1083.7) = 0.997915618
cos(-1083.7) = 0.997915618
tan(1083.7) = 0.064667099
tan(-1083.7) = -0.064667099
cot(1083.7) = 15.4638141
cot(-1083.7) = -15.4638141
sec(1083.7) = 1.002088735
sec(-1083.7) = 1.002088735
cosec(1083.7) = 15.496113917
cosec(-1083.7) = -15.496113917
sin(1000000) = -0.984807753
cos(1000000) = 0.173648178
tan(1000000) = -5.67128182
cot(1000000) = -0.176326981
sec(1000000) = 5.758770483
cosec(1000000) = -1.015426612
sin(-1000000) = 0.984807753
cos(-1000000) = 0.173648178
tan(-1000000) = 5.67128182
cot(-1000000) = 0.176326981
sec(-1000000) = 5.758770483
cosec(-1000000) = 1.015426612
sin(0.0001) = 0.000001745
cos(0.0001) = 1
tan(0.0001) = 0.000001745
cot(0.0001) = 572957.795130241
sec(0.0001) = 1
cosec(0.0001) = 572957.795131114
sin(-0.0001) = -0.000001745
cos(-0.0001) = 1
tan(-0.0001) = -0.000001745
cot(-0.0001) = -572957.795130241
sec(-0.0001) = 1
cosec(-0.0001) = -572957.795131114
sin⁻¹(0.564738) = 34.384099541
sin⁻¹(-0.564738) = -34.384099541
cos⁻¹(0.564738) = 55.615900459
cos⁻¹(-0.564738) = 124.384099541
tan⁻¹(2.718281) = 69.802463052
tan⁻¹(-2.718281) = -69.802463052
cot⁻¹(0.564738) = 60.544932027
cot⁻¹(-0.564738) = -60.544932027
sec⁻¹(1.732051) = 54.735614818
sec⁻¹(-1.732051) = 125.264385182
cosec⁻¹(1.732051) = 35.264385182
cosec⁻¹(-1.732051) = -35.264385182
sin⁻¹(1.0) = 90
cos⁻¹(1.0) = 0
tan⁻¹(1000000) = 89.999942704
cot⁻¹(1000000) = 0.000057296
sec⁻¹(1000000) = 89.999942704
cosec⁻¹(1000000) = 0.000057296
sin⁻¹(1e-06) = 0.000057296
cos⁻¹(1e-06) = 89.999942704
tan⁻¹(1e-06) = 0.000057296
cot⁻¹(1e-06) = 89.999942704
sec⁻¹(1.000001) = 0.081028435
cosec⁻¹(1.000001) = 89.918971565
sinh(2.718281) = 7.544130798
sinh(-2.718281) = -7.544130798
cosh(2.718281) = 7.610118889
cosh(-2.718281) = 7.610118889
tanh(2.718281) = 0.991328901
tanh(-2.718281) = -0.991328901
coth(2.718281) = 1.008746944
coth(-2.718281) = -1.008746944
sech(2.718281) = 0.131403992
sech(-2.718281) = 0.131403992
cosech(2.718281) = 0.132553375
cosech(-2.718281) = -0.132553375
sinh(20) = 242582597.704895139
cosh(20) = 242582597.704895139
tanh(2.5) = 0.986614298
coth(2.5) = 1.01356731
sech(2.5) = 0.163071232
cosech(2.5) = 0.16528367
sinh(0.001234567) = 0.001234567
cosh(0.001234567) = 1.000000762
tanh(0.001234567) = 0.001234566
coth(0.001234567) = 810.001002823
sech(0.001234567) = 0.999999238
cosech(0.001234567) = 810.000385539
sinh⁻¹(2.718281) = 1.725382273
sinh⁻¹(-2.718281) = -1.725382273
cosh⁻¹(3.141593) = 1.811526389
cosh⁻¹(10.123456) = 3.005553917
tanh⁻¹(0.564738) = 0.639762764
tanh⁻¹(-0.564738) = -0.639762764
coth⁻¹(2.718281) = 0.385968546
coth⁻¹(-2.718281) = -0.385968546
sech⁻¹(0.564738) = 1.173121432
sech⁻¹(0.123456789) = 2.781178892
cosech⁻¹(2.718281) = 0.36004975
cosech⁻¹(-2.718281) = -0.36004975
sinh⁻¹(1000) = 7.60090271
cosh⁻¹(1000) = 7.60090221
tanh⁻¹(0.999999123) = 7.319952793
coth⁻¹(1.000001234) = 7.149198715
sech⁻¹(0.001234567) = 7.390181777
cosech⁻¹(0.001234567) = 7.390182539
sinh⁻¹(0.001234567) = 0.001234567
cosh⁻¹(1.000001234) = 0.001570987
tanh⁻¹(0.001234567) = 0.001234568
coth⁻¹(1.001234567) = 3.695399626
sech⁻¹(0.999999123) = 0.001324387
cosech⁻¹(1.001234567) = 0.880501424
